%YAML:1.0
---
image_width: 640
image_height: 480
camera_matrix: !!opencv-matrix
   rows: 3
   cols: 3
   dt: d
   data: [ 6.095227362870955e+02, 0., 3.206646275869129e+02, 0.,
       6.093598028960326e+02, 2.488417000065093e+02, 0., 0., 1. ]
distortion_coefficients: !!opencv-matrix
   rows: 1
   cols: 5
   dt: d
   data: [ 0.104783039500300, -0.332155109887520,
       0, 0,
       0 ]
